1010
1012
1025
1027
1036
104
1042
1050
1053
107
1108
112
1125
1133
1150
1174
1176
1201
1209
121
1220
1222
1223
1231
1243
1246
1257
1261
1274
1277
1303
1308
1309
1317
1325
1340
1356
136
1360
1373
1377
1384
1386
1428
1431
1435
1442
1451
1458
1477
1480
1495
1498
1505
1555
1556
1561
1562
157
1582
159
1603
1605
1617
162
1641
1644
1655
1668
1669
1675
1684
1723
1739
177
1779
1780
1788
1825
1835
1850
1869
1901
1916
1921
1927
1941
1943
195
1950
1960
1962
1988
2015
202
2041
2042
2060
2061
2085
2103
2179
2192
2229
2243
2247
2280
2282
235
249
262
306
318
358
359
362
366
388
405
426
440
458
465
469
472
482
498
500
533
539
560
609
620
670
678
679
693
714
717
718
723
730
732
738
747
762
767
769
778
807
820
827
838
886
887
888
89
892
897
905
91
931
938
952
955
961
962
991
